# Created by Octave 8.4.0, Sun Jun 16 16:36:12 2024 CEST <nigiri@PersonaComputer.fritz.box>
# name: stats
# type: matrix
# rows: 5
# columns: 5
 1 12581513.800387666 1970000 17049 199
 2 4285564.8554160036 940000.23247520078 18229 199
 3 1386300.6538079528 410000.09234526643 18922 199
 4 504693.22167919989 390000.05335794255 19135 199
 5 393720.63303736341 390000.04640489758 19212 199


