# Created by Octave 8.4.0, Sun Jun 16 17:49:50 2024 CEST <nigiri@PersonaComputer.fritz.box>
# name: stats
# type: matrix
# rows: 5
# columns: 5
 1 12581513.800387666 0 17049 199
 2 4285564.8554160036 0.23247520191045865 18229 199
 3 1386300.6538079528 0.092345266549229851 18922 199
 4 504693.22167919989 0.053357942835898071 19135 199
 5 393720.63303736341 0.046404897494041038 19212 199


