# Created by Octave 8.4.0, Sun Jun 16 16:36:12 2024 CEST <nigiri@PersonaComputer.fritz.box>
# name: final_RMSE
# type: matrix
# rows: 1
# columns: 3
 0.0012441802244213165 0.02102140320906978 1500.3179355055156


