# Created by Octave 8.4.0, Sun Jun 16 16:36:12 2024 CEST <nigiri@PersonaComputer.fritz.box>
# name: initial_RMSE
# type: matrix
# rows: 1
# columns: 3
 2.3821382786408276 1.7295272570601921 2240.4025259448135


